image_width: 640
image_height: 488
camera_name: narrow_stereo
camera_matrix:
  rows: 3
  cols: 3
  data: [588.766384, 0.000000, 376.801898, 0.000000, 632.397285, 335.872777, 0.000000, 0.000000, 1.000000]
distortion_model: plumb_bob
distortion_coefficients:
  rows: 1
  cols: 5
  data: [-0.040858, 0.026616, 0.029716, 0.020494, 0.000000]
rectification_matrix:
  rows: 3
  cols: 3
  data: [1.000000, 0.000000, 0.000000, 0.000000, 1.000000, 0.000000, 0.000000, 0.000000, 1.000000]
projection_matrix:
  rows: 3
  cols: 4
  data: [581.421631, 0.000000, 388.720044, 0.000000, 0.000000, 617.644165, 347.052722, 0.000000, 0.000000, 0.000000, 1.000000, 0.000000]
